25
0
0
0
0
0
0
0
0
0
0
0
0
0
0
0
0
0
0
0
0
0
0
0
6
Kerollos Rady Abdo
20230000
20230000@cis.asu.eg
3Ml3Az9Tz6
18
1
19
2.25
0
20
1
1
1
1
0
0
0
1
1
1
1
0
0
0
0
0
0
0
0
0
20
4
2
2
2
0
0
0
2
2
2
2
0
0
0
0
0
0
0
0
0
Mohraeal Ashraf Kamel
20230001
20230001@cis.asu.eg
9Kb4Ol5Of2
14
1
19
0
0
20
0
0
0
0
0
0
0
0
0
0
0
0
0
0
0
0
0
0
0
0
20
0
0
0
0
0
0
0
0
0
0
0
0
0
0
0
0
0
0
0
0
Abdelrahman ElWarraky
20230002
20230002@cis.asu.eg
8Df1Lr3Mi1
14
1
19
0
0
20
0
0
0
0
0
0
0
0
0
0
0
0
0
0
0
0
0
0
0
0
20
0
0
0
0
0
0
0
0
0
0
0
0
0
0
0
0
0
0
0
0
Abdelrahman ElWarraky
20230003
20230003@cis.asu.eg
7Dt6Cy7Zu8
14
1
19
0
0
20
0
0
0
0
0
0
0
0
0
0
0
0
0
0
0
0
0
0
0
0
20
0
0
0
0
0
0
0
0
0
0
0
0
0
0
0
0
0
0
0
0
Alice paulo
20230004
20230004@cis.asu.eg
7Pc3Oa5Sm2
14
1
19
0
0
20
0
0
0
0
0
0
0
0
0
0
0
0
0
0
0
0
0
0
0
0
20
0
0
0
0
0
0
0
0
0
0
0
0
0
0
0
0
0
0
0
0
beshoy victor fayez
20230005
20230005@cis.asu.eg
8Th8Ej8Yh6
14
1
15
0
0
100
0
0
0
0
0
0
0
0
0
0
0
0
0
0
0
0
0
0
0
0
0
0
0
0
0
0
0
0
0
0
0
0
0
0
0
0
0
0
0
0
0
0
0
0
0
0
0
0
0
0
0
0
0
0
0
0
0
0
0
0
0
0
0
0
0
0
0
0
0
0
0
0
0
0
0
0
0
0
0
0
0
0
0
0
0
0
0
0
0
0
0
0
0
0
0
0
0
0
0
0
100
0
0
0
0
0
0
0
0
0
0
0
0
0
0
0
0
0
0
0
0
0
0
0
0
0
0
0
0
0
0
0
0
0
0
0
0
0
0
0
0
0
0
0
0
0
0
0
0
0
0
0
0
0
0
0
0
0
0
0
0
0
0
0
0
0
0
0
0
0
0
0
0
0
0
0
0
0
0
0
0
0
0
0
0
0
0
0
0
0
0
0
0
0
0
0
0
0
0
0
0
1
Abanoub Ashraf Kamel
20240000
20240000@cis.asu.eg
7Sp6Pi3Az3
18
1
19
2.25
0
20
1
1
1
1
0
0
0
1
1
1
1
0
0
0
0
0
0
0
0
0
20
4
2
2
2
0
0
0
2
2
2
2
0
0
0
0
0
0
0
0
0
